0:
##.
.##
..#

1:
###
.#.
###

2:
#..
##.
###

3:
###
##.
.##

4:
###
###
#..

5:
#.#
#.#
###

36x41: 34 13 30 26 30 23
44x49: 32 38 42 33 36 42
46x43: 59 49 50 52 51 46
48x41: 56 44 39 57 45 62
41x40: 32 32 26 33 23 23
38x45: 58 32 48 41 37 52
46x45: 37 41 45 35 33 33
35x41: 34 33 43 36 33 42
44x41: 35 48 41 41 54 55
41x50: 61 57 37 58 47 56
41x41: 30 33 27 29 23 27
35x45: 42 39 47 40 35 41
35x37: 27 32 34 38 33 34
38x38: 21 15 27 28 28 24
37x36: 37 37 41 17 32 43
50x48: 51 57 57 63 72 66
43x39: 19 35 31 24 39 33
40x49: 46 53 46 54 46 55
45x50: 39 40 37 34 48 41
44x39: 31 31 27 35 26 31
42x50: 40 40 29 39 34 41
41x48: 42 39 28 39 28 32
50x48: 47 38 49 43 40 39
44x42: 50 49 45 52 44 45
36x41: 31 27 41 47 33 47
49x49: 51 34 58 36 32 44
49x37: 25 37 33 38 32 27
48x46: 41 29 47 35 37 50
45x49: 34 33 39 41 51 41
50x47: 48 31 39 28 46 48
41x40: 39 41 45 38 43 46
49x46: 41 49 32 42 34 41
42x36: 32 27 26 20 31 31
47x47: 53 47 57 58 63 61
38x39: 43 43 33 42 40 28
41x36: 19 29 21 35 24 27
35x47: 56 54 46 32 26 44
45x41: 30 39 24 39 26 37
37x46: 26 29 33 23 30 39
35x46: 29 23 33 26 21 32
35x47: 14 28 33 26 31 32
35x44: 29 64 32 38 30 40
38x46: 26 27 36 30 31 29
38x37: 31 23 24 19 27 20
37x47: 49 38 43 49 44 46
48x49: 68 57 64 58 60 58
48x39: 34 35 38 45 28 27
44x41: 63 42 57 45 38 39
39x48: 47 54 49 46 37 55
44x36: 28 30 32 24 32 22
45x38: 43 49 37 40 57 36
47x43: 55 53 50 46 52 56
48x45: 38 43 38 43 35 43
46x39: 46 45 44 47 49 45
36x48: 34 34 35 25 26 37
36x39: 35 48 44 32 31 27
47x37: 28 35 36 25 33 23
48x37: 44 38 46 47 44 54
39x40: 29 20 30 29 32 28
35x35: 26 40 36 25 34 27
43x36: 38 41 41 39 35 44
42x36: 39 37 39 45 38 35
43x50: 37 45 32 28 37 44
43x50: 58 57 63 58 53 44
40x39: 21 23 30 41 29 24
49x37: 45 42 55 48 46 44
48x35: 46 46 39 47 41 40
36x37: 24 31 17 28 12 31
36x38: 23 19 32 18 26 26
39x38: 32 32 35 37 42 48
37x35: 21 19 20 21 22 29
41x42: 45 53 42 49 39 37
49x49: 68 55 65 57 60 67
40x39: 46 38 39 35 40 44
44x41: 54 55 46 48 30 47
35x35: 25 24 17 26 16 13
44x35: 30 31 49 39 49 38
47x49: 60 58 60 56 54 67
37x49: 33 31 31 33 40 24
38x42: 27 27 31 26 25 31
46x43: 39 41 29 28 30 43
36x46: 31 31 31 25 36 26
49x50: 69 60 70 70 62 49
37x35: 24 17 21 17 32 21
44x41: 43 57 40 40 55 41
48x36: 29 33 35 32 30 33
39x43: 32 28 24 33 31 33
47x36: 42 44 42 41 49 42
37x45: 25 30 30 22 37 36
47x50: 71 62 55 51 63 62
45x46: 33 41 42 39 30 39
47x42: 45 55 63 46 44 51
47x36: 40 32 45 47 49 47
49x50: 35 41 41 50 46 42
43x39: 39 37 57 49 43 34
40x48: 32 28 34 42 34 38
40x38: 45 44 48 32 35 33
48x36: 28 27 29 26 39 43
48x46: 37 39 39 45 39 40
46x37: 28 27 30 36 25 34
47x40: 45 42 58 42 55 48
43x50: 34 43 37 41 36 33
38x50: 32 24 33 37 30 36
45x45: 43 60 58 55 40 54
44x45: 39 33 37 32 34 34
42x49: 45 38 37 36 40 27
40x50: 38 26 35 35 29 44
42x39: 45 45 41 33 50 39
40x43: 22 40 26 25 34 35
44x47: 47 54 61 54 52 50
47x35: 46 41 38 41 47 41
48x42: 40 35 48 27 45 29
39x42: 41 38 48 41 42 43
36x35: 39 33 32 30 35 27
48x40: 55 42 39 57 47 56
49x48: 62 62 50 72 63 52
35x46: 45 51 26 33 60 32
36x48: 42 31 36 30 20 33
38x43: 53 36 49 43 33 42
48x38: 54 51 47 43 39 49
35x50: 23 29 25 27 34 37
47x49: 42 42 31 56 31 37
45x39: 50 48 40 27 53 53
48x48: 51 42 35 45 41 42
45x48: 52 52 58 56 53 61
46x47: 32 53 35 24 46 35
40x49: 54 58 52 47 43 49
42x40: 38 37 47 45 43 48
39x39: 28 26 32 34 23 25
45x39: 47 46 46 44 41 47
50x35: 36 58 52 41 47 34
38x36: 45 34 39 34 30 32
35x36: 18 18 18 25 27 25
37x46: 35 52 39 42 45 46
47x50: 60 51 69 53 64 66
47x48: 44 42 35 34 51 34
36x45: 35 49 36 48 45 34
46x44: 28 45 30 41 29 36
45x37: 50 48 47 35 48 31
48x48: 35 45 45 41 47 42
43x44: 53 43 51 45 52 49
43x50: 36 37 41 36 38 35
35x48: 20 34 31 33 30 28
40x44: 29 25 35 25 24 43
45x43: 33 33 44 26 37 37
37x37: 38 39 36 37 29 33
47x38: 44 38 43 44 56 49
36x44: 24 28 29 32 30 25
43x43: 30 34 51 27 35 18
45x47: 59 54 60 48 53 54
37x38: 24 21 24 26 23 26
41x49: 49 61 53 40 57 49
49x44: 58 57 64 63 51 41
39x36: 47 32 34 41 34 31
44x43: 29 35 22 31 48 31
42x35: 34 39 28 37 44 42
46x36: 28 23 27 31 36 35
48x47: 65 57 54 56 55 62
48x39: 38 30 30 37 40 32
37x38: 33 38 44 35 42 25
41x40: 39 43 36 44 33 56
46x50: 33 55 37 34 45 35
48x40: 39 41 51 47 53 62
40x43: 23 36 32 32 24 35
46x43: 37 42 30 38 29 34
37x35: 31 27 34 42 38 27
37x35: 34 37 35 37 22 35
45x46: 31 41 31 48 38 35
48x41: 50 52 52 57 39 53
40x42: 26 32 28 24 35 36
42x44: 28 34 30 39 35 30
49x46: 62 55 56 60 51 64
49x38: 48 50 48 49 39 53
36x45: 38 41 39 42 43 45
50x46: 64 61 55 67 53 55
37x47: 38 34 53 51 54 37
48x35: 39 43 33 60 46 35
43x39: 47 44 48 36 42 43
47x46: 35 34 38 37 40 40
35x42: 28 29 47 39 37 45
39x36: 34 42 32 38 34 35
37x50: 43 42 35 56 61 45
49x40: 35 40 37 31 35 30
41x46: 46 37 51 62 48 46
49x35: 36 41 39 52 48 45
36x41: 33 38 37 44 45 29
41x47: 38 54 47 45 53 56
38x41: 36 36 47 37 41 43
39x37: 25 25 26 28 19 33
47x39: 55 43 44 50 43 49
42x50: 41 43 38 35 37 29
48x40: 48 48 39 59 50 50
38x40: 24 30 27 21 23 30
38x38: 25 22 23 29 22 22
46x42: 27 35 40 34 43 31
41x44: 43 39 39 64 40 51
49x49: 67 56 54 68 67 58
41x49: 45 47 54 52 64 46
46x46: 31 55 35 39 31 33
38x47: 54 46 44 52 41 40
48x49: 63 66 47 58 56 71
48x39: 39 35 36 28 33 37
45x39: 30 31 23 41 30 40
35x44: 35 45 41 36 29 50
40x37: 41 43 39 37 35 34
37x40: 43 32 28 38 45 42
41x48: 46 47 45 62 54 47
38x36: 37 44 34 39 29 28
40x37: 31 38 39 40 35 43
39x39: 31 28 33 31 21 25
44x39: 30 36 29 34 26 26
37x35: 21 21 14 20 30 26
40x47: 29 32 44 34 30 25
50x36: 44 39 48 54 54 38
47x40: 35 47 43 57 37 66
36x36: 29 25 30 38 41 35
36x44: 47 38 36 40 42 42
40x44: 46 49 42 36 42 56
44x47: 52 50 53 59 47 57
40x37: 19 28 29 36 21 23
50x50: 55 65 76 66 64 58
37x36: 40 29 36 31 49 22
35x38: 28 40 39 33 32 32
46x43: 51 48 54 56 61 35
50x39: 54 51 53 39 51 54
37x41: 32 40 40 36 45 39
48x36: 37 35 29 32 20 39
45x46: 32 38 48 40 28 38
46x40: 28 32 44 30 35 25
49x50: 48 62 77 55 55 78
38x41: 30 30 24 22 25 25
44x40: 50 54 48 42 40 39
45x46: 42 56 56 50 57 55
35x38: 27 22 17 20 23 23
41x40: 50 38 36 46 41 43
38x36: 29 43 29 29 40 38
46x36: 38 36 45 42 50 43
45x39: 33 31 39 27 23 42
48x42: 31 43 34 35 38 43
41x35: 37 38 30 41 39 35
37x37: 25 21 24 24 25 24
45x41: 58 45 47 52 59 26
44x41: 54 41 40 48 43 53
44x40: 35 29 22 29 36 31
43x35: 26 19 21 31 26 30
46x50: 68 65 54 61 49 59
42x45: 48 50 49 50 50 44
42x47: 49 32 30 37 30 31
49x47: 49 58 60 53 66 66
38x40: 32 37 23 16 22 25
48x35: 30 47 26 22 22 29
39x47: 34 47 49 44 46 59
48x47: 49 49 44 41 27 30
38x47: 29 36 34 24 25 32
42x45: 45 46 41 51 50 56
40x47: 54 46 39 40 51 60
44x39: 49 44 46 42 48 37
40x35: 37 31 30 40 35 42
50x42: 65 53 57 56 41 55
40x49: 33 42 42 27 37 26
46x40: 49 29 30 27 30 29
47x45: 61 38 65 59 51 55
45x38: 28 41 37 30 19 24
35x36: 31 17 23 21 11 29
45x46: 48 56 50 51 60 52
47x45: 56 57 47 50 54 61
40x43: 36 33 30 28 23 32
45x42: 48 24 25 35 36 42
45x35: 40 46 44 37 48 28
39x46: 37 31 31 35 28 32
38x42: 26 27 24 34 28 28
50x49: 38 40 44 40 44 49
41x50: 40 39 30 30 41 27
43x44: 37 49 47 65 47 43
43x39: 31 29 31 38 35 18
49x45: 49 74 60 56 52 47
41x41: 28 27 24 31 26 32
43x40: 30 31 34 30 29 27
38x45: 47 48 27 50 54 36
40x39: 27 27 33 21 30 31
43x49: 35 35 35 37 45 37
45x41: 51 44 45 51 49 45
40x44: 26 29 41 34 24 28
36x50: 35 56 31 46 57 47
44x36: 28 35 45 45 44 44
36x44: 52 38 40 39 45 33
48x37: 26 33 37 34 32 30
42x49: 50 55 51 49 52 59
49x44: 54 54 73 57 47 49
41x38: 30 30 31 20 26 19
44x37: 25 26 23 26 33 34
49x35: 25 31 33 36 26 24
43x38: 42 48 37 41 38 45
50x40: 38 29 33 38 40 30
37x47: 26 30 25 30 28 40
46x47: 36 37 36 33 43 40
35x48: 34 26 31 28 29 28
41x44: 49 56 43 37 48 45
43x49: 60 51 59 48 59 50
41x46: 50 47 56 41 52 46
36x39: 31 22 24 30 27 22
42x47: 36 29 31 42 37 35
44x50: 45 55 54 59 64 58
43x44: 55 49 40 56 44 48
39x48: 34 35 29 41 38 30
38x36: 21 24 22 25 18 33
37x40: 22 25 31 26 27 25
48x45: 51 65 59 44 48 65
41x40: 52 43 45 36 36 44
36x37: 16 29 26 27 25 20
44x39: 30 39 29 31 26 26
49x38: 40 31 30 40 21 30
50x37: 44 42 62 37 45 56
41x37: 42 47 27 41 33 43
41x40: 25 22 27 28 33 34
47x35: 37 48 44 40 39 44
35x36: 25 36 40 32 36 24
38x40: 28 33 24 23 28 20
42x47: 34 38 38 33 27 39
45x38: 36 27 25 35 30 27
39x49: 58 49 50 50 44 46
50x44: 43 41 39 35 34 32
46x49: 40 36 40 44 40 39
45x49: 61 56 51 63 47 62
40x50: 49 56 50 41 55 56
48x45: 36 44 46 37 45 31
45x41: 51 46 61 41 52 36
49x42: 62 47 42 43 63 61
41x44: 26 31 33 25 39 28
39x45: 30 38 38 25 39 25
49x50: 37 44 35 51 31 57
37x38: 21 21 30 27 25 20
50x48: 61 71 67 58 50 63
48x41: 43 26 41 29 29 39
35x46: 40 41 43 34 38 52
44x45: 64 49 61 52 34 50
39x46: 31 31 32 35 30 35
37x43: 41 41 41 33 36 53
43x37: 24 35 25 30 31 22
39x46: 47 44 42 46 52 45
46x41: 49 41 57 49 52 44
39x49: 41 39 29 34 30 34
37x50: 53 43 50 50 43 48
36x37: 32 29 37 46 28 33
40x46: 56 43 49 44 43 51
42x40: 27 33 27 24 35 35
36x43: 43 40 36 47 35 38
49x39: 33 39 31 35 37 33
40x39: 24 28 27 37 25 27
49x36: 31 30 31 27 34 38
43x48: 44 40 34 25 39 41
46x37: 35 28 29 31 25 32
39x39: 25 31 31 22 32 28
35x44: 23 22 20 37 29 23
41x40: 33 26 22 42 20 26
39x41: 43 37 42 36 46 43
37x41: 29 27 30 22 24 23
45x41: 46 50 56 51 30 52
44x39: 57 47 37 53 39 34
45x41: 22 29 38 33 30 42
49x40: 37 32 36 45 30 28
38x41: 45 37 38 38 39 44
46x38: 51 55 45 40 41 39
43x38: 43 39 49 44 46 32
35x41: 20 24 18 27 22 31
44x42: 48 50 42 45 63 36
45x36: 31 31 31 31 26 29
50x50: 52 66 68 71 61 64
36x42: 37 37 42 32 42 43
50x38: 30 28 31 32 38 32
47x46: 45 54 62 48 61 61
44x50: 28 38 46 40 35 36
41x49: 34 39 32 32 27 44
48x45: 38 32 50 35 45 39
47x47: 45 39 37 29 36 39
44x49: 58 50 65 62 52 47
50x47: 41 32 44 36 34 52
39x39: 39 42 38 36 42 37
44x35: 50 52 31 42 31 33
41x47: 28 34 33 30 40 30
37x37: 37 34 47 24 42 29
46x41: 44 43 61 49 50 44
39x43: 40 40 53 42 36 48
46x36: 31 33 30 28 31 27
46x41: 57 51 50 38 55 42
49x36: 26 36 40 23 34 33
43x42: 52 38 42 49 53 45
41x48: 55 42 47 66 51 43
41x49: 56 54 60 45 44 53
40x36: 28 19 27 30 27 25
50x41: 38 36 34 33 36 30
49x38: 26 29 42 33 34 27
41x42: 37 48 43 41 44 50
46x38: 34 28 40 32 17 29
44x36: 33 26 28 20 25 35
42x43: 49 44 48 54 42 42
47x40: 36 30 29 29 32 39
40x42: 26 31 39 30 24 32
48x46: 41 35 45 49 28 41
49x36: 28 28 25 39 42 30
49x45: 31 40 42 43 38 45
47x49: 51 39 25 40 43 41
38x49: 52 48 61 38 45 46
37x41: 22 33 22 33 24 21
41x35: 33 39 38 32 40 38
48x47: 66 54 46 63 67 52
49x46: 34 33 56 40 46 31
37x47: 47 42 41 45 47 46
45x48: 49 57 64 48 57 57
38x50: 33 28 33 37 39 22
46x49: 45 38 33 46 41 36
35x35: 42 25 26 42 25 31
37x38: 31 43 41 31 41 29
37x42: 37 38 36 29 44 54
37x39: 25 20 25 29 28 28
44x47: 70 44 36 59 53 59
38x43: 35 33 36 21 24 19
42x46: 43 56 51 50 43 53
48x48: 59 54 53 58 73 57
41x40: 32 19 33 32 26 26
40x42: 33 24 30 24 38 33
43x36: 34 38 34 30 46 54
40x43: 37 45 45 37 53 46
44x38: 34 27 24 31 22 29
47x46: 50 57 54 52 57 61
41x45: 32 35 28 33 35 31
44x42: 34 31 30 45 23 32
46x47: 43 29 39 42 39 33
50x43: 57 42 52 54 59 67
37x46: 35 49 38 40 49 48
42x47: 54 46 50 50 48 57
50x49: 36 33 46 53 47 40
37x45: 46 37 41 48 43 42
42x38: 56 38 48 37 25 47
46x36: 45 54 37 41 33 45
50x37: 38 24 39 26 36 28
48x42: 47 49 59 51 50 54
46x37: 33 49 37 54 43 42
38x39: 29 31 18 25 28 24
40x48: 51 46 47 54 45 53
45x46: 43 38 41 34 45 23
40x42: 45 31 55 34 45 51
49x48: 62 60 76 61 57 49
41x47: 34 30 34 28 27 41
36x42: 29 19 34 30 28 28
35x38: 23 34 42 37 33 34
50x35: 28 27 29 32 26 33
41x39: 27 18 34 34 29 26
37x46: 39 26 29 32 26 28
48x48: 46 55 31 42 45 37
41x37: 24 28 25 33 24 22
48x49: 63 64 54 63 57 61
35x36: 32 27 39 42 38 17
35x50: 52 40 56 41 43 41
46x50: 41 38 40 45 39 36
40x43: 28 35 28 29 34 27
39x38: 35 23 18 21 32 26
37x44: 45 37 51 39 47 34
38x42: 31 34 22 26 23 32
38x40: 40 37 37 38 44 38
40x39: 21 35 22 29 29 32
48x36: 33 33 43 25 35 23
41x37: 34 56 43 39 29 32
38x47: 26 19 28 36 31 39
37x36: 40 44 22 32 28 39
40x43: 38 45 49 35 40 57
36x50: 44 38 49 50 40 56
41x39: 31 46 45 37 40 45
49x48: 67 58 54 55 67 62
40x43: 31 40 32 27 22 30
43x46: 39 37 35 33 34 32
48x45: 51 52 66 51 55 58
45x46: 57 53 48 57 52 52
47x50: 62 61 59 50 62 68
49x50: 49 71 69 65 56 64
39x36: 22 34 23 28 25 24
48x50: 49 67 63 75 56 56
41x42: 44 41 43 44 51 42
38x44: 24 30 36 24 20 33
41x35: 32 21 20 32 20 18
44x47: 52 46 66 49 56 51
46x35: 35 41 34 41 53 41
37x39: 28 28 27 28 19 25
40x48: 40 46 56 49 56 47
45x46: 54 43 32 42 30 24
50x47: 43 40 40 44 43 29
47x40: 38 56 37 53 49 52
47x37: 42 45 66 44 36 37
47x41: 31 49 53 56 51 52
41x40: 46 46 43 33 40 46
49x43: 56 45 55 54 61 54
46x48: 61 64 48 58 51 58
47x44: 60 44 37 55 60 62
46x42: 47 48 50 55 42 55
42x38: 36 58 45 33 40 33
43x36: 28 24 28 28 29 31
47x45: 50 50 58 55 67 45
39x36: 34 24 24 24 28 22
42x44: 51 51 56 42 40 47
44x50: 62 53 62 51 59 54
41x44: 35 53 49 52 52 34
37x46: 35 52 46 41 43 43
37x44: 40 30 41 55 43 41
44x47: 63 57 52 46 59 44
48x44: 41 36 33 38 35 40
42x47: 70 42 47 47 45 58
38x38: 51 41 40 36 27 32
49x35: 35 20 32 24 33 32
46x35: 25 34 28 29 26 22
35x44: 34 25 22 21 24 28
49x48: 57 57 72 55 57 65
43x35: 25 23 27 25 29 25
38x43: 30 20 37 22 30 29
43x38: 32 35 22 25 28 26
40x41: 39 33 37 51 44 47
40x49: 62 59 41 46 45 51
36x38: 27 29 24 20 27 17
37x40: 31 29 22 23 27 24
48x46: 39 44 36 44 31 46
35x47: 29 19 28 34 21 33
43x42: 48 51 36 44 50 48
49x48: 36 34 46 48 33 58
50x41: 30 39 36 44 29 30
50x39: 45 32 33 36 30 32
48x38: 51 48 38 46 50 48
38x37: 22 27 22 28 27 17
49x50: 46 46 42 51 39 32
36x37: 24 28 17 19 26 30
37x41: 39 33 33 41 44 43
42x46: 29 39 36 42 34 29
39x40: 26 30 29 32 24 28
41x48: 36 31 39 48 35 18
45x37: 23 25 38 29 33 32
44x45: 31 40 33 35 41 29
37x45: 24 26 32 37 33 27
50x48: 59 64 55 66 51 73
43x50: 33 38 44 37 37 35
44x49: 38 34 37 40 39 36
38x50: 52 37 51 51 58 45
39x46: 45 58 46 38 51 38
38x40: 40 40 36 38 42 38
49x50: 58 42 36 47 36 37
49x48: 65 63 64 62 56 54
39x46: 47 35 37 25 27 23
47x37: 49 46 50 38 50 37
38x42: 34 31 23 27 27 25
40x38: 37 37 43 39 34 44
50x47: 34 38 44 35 51 37
35x50: 46 34 38 55 54 42
47x36: 34 23 30 31 33 28
48x45: 48 34 43 37 39 38
49x43: 34 35 30 44 35 46
38x35: 32 31 33 30 36 42
39x41: 28 39 25 26 23 27
50x45: 57 66 55 54 65 49
40x43: 43 34 48 39 51 50
41x46: 21 36 29 36 30 43
37x36: 28 26 20 18 31 21
42x38: 34 51 43 34 33 49
39x47: 31 30 36 34 32 32
36x41: 28 27 29 24 22 26
40x47: 28 29 40 39 32 27
45x37: 44 38 50 42 45 39
44x35: 23 30 26 28 22 24
41x42: 39 26 27 28 29 33
48x45: 48 36 40 43 44 28
46x37: 32 37 32 21 21 36
45x47: 42 35 42 42 32 31
35x44: 36 39 37 43 42 39
37x42: 37 23 22 30 24 31
38x35: 21 24 21 19 26 20
38x40: 37 44 43 36 41 33
39x39: 39 39 45 41 30 41
48x42: 69 52 56 60 47 32
39x37: 40 28 44 44 30 38
47x39: 50 44 53 39 59 39
37x45: 29 28 32 34 33 23
35x44: 38 37 54 41 41 28
38x42: 41 41 35 40 49 39
40x36: 28 32 25 21 26 23
41x46: 49 52 52 44 41 53
43x41: 42 53 42 40 38 55
38x48: 47 39 55 43 46 52
38x49: 34 37 23 33 34 31
45x40: 26 34 34 38 38 25
40x41: 26 27 35 28 28 25
50x45: 37 39 40 45 39 39
42x50: 59 52 61 53 54 47
47x39: 27 35 31 29 43 30
43x35: 20 21 26 21 29 36
44x35: 27 29 28 20 31 18
48x48: 64 58 58 46 66 64
47x36: 33 25 41 26 30 24
47x40: 22 34 37 37 30 35
35x49: 41 48 43 47 41 43
37x35: 35 33 25 40 36 30
44x43: 36 31 32 36 30 31
37x46: 45 45 47 31 56 39
36x35: 31 34 35 34 33 27
36x36: 30 32 41 27 40 30
43x35: 28 42 39 29 38 53
36x40: 36 27 34 32 35 57
39x39: 33 22 22 33 28 31
46x40: 47 35 45 52 51 53
41x50: 54 60 60 42 60 41
40x40: 24 31 30 24 29 30
36x42: 33 35 30 50 35 47
38x48: 42 42 51 44 55 46
50x39: 39 35 29 26 36 42
50x39: 48 46 58 53 50 46
50x46: 41 38 47 30 37 47
37x36: 17 25 37 19 19 27
47x39: 39 34 61 58 49 41
38x46: 33 29 40 29 25 24
35x40: 29 21 19 23 25 25
49x39: 54 38 64 56 36 50
41x40: 42 38 44 40 39 50
47x41: 51 40 62 41 49 56
45x39: 44 38 52 39 47 51
50x36: 38 41 39 58 46 52
42x36: 26 29 28 19 29 37
49x42: 37 46 35 31 36 39
50x38: 56 43 44 43 56 52
37x39: 34 30 41 42 35 40
38x46: 45 43 37 44 50 49
45x41: 53 50 55 41 40 48
37x35: 28 27 21 19 19 18
41x46: 55 51 46 41 54 45
37x47: 51 42 47 42 46 42
35x38: 16 27 21 26 21 21
42x42: 39 51 40 42 52 45
37x36: 22 25 29 25 27 16
40x42: 28 31 31 26 30 36
43x36: 40 44 35 39 44 36
40x46: 25 41 34 30 35 30
43x45: 52 51 37 58 54 45
37x44: 26 21 23 30 32 36
41x38: 21 32 29 30 21 23
50x44: 46 61 59 55 62 53
36x49: 28 30 38 31 29 36
38x45: 45 39 39 39 58 43
44x36: 44 34 41 42 42 42
40x50: 56 49 55 45 53 52
50x50: 49 64 61 66 65 75
39x43: 36 27 37 23 30 28
38x45: 31 32 27 40 19 31
35x50: 34 31 27 32 32 20
39x48: 33 37 32 41 31 34
42x46: 52 52 55 54 42 44
49x43: 35 41 32 36 43 36
50x41: 28 42 26 32 38 41
43x46: 55 50 51 56 42 52
48x38: 33 41 28 30 24 35
48x40: 53 33 57 42 63 50
36x47: 24 26 33 36 28 32
40x39: 24 31 29 27 36 22
50x41: 61 59 53 49 40 56
42x36: 33 33 21 28 29 24
36x38: 30 44 34 31 40 30
47x43: 48 46 51 57 48 60
50x50: 41 39 41 47 42 46
38x48: 40 53 46 39 44 57
50x39: 54 62 39 53 52 40
46x42: 39 24 32 37 39 38
36x44: 44 33 47 45 44 33
42x46: 52 48 48 56 43 51
50x43: 60 66 58 55 43 51
47x37: 45 41 44 40 45 53
37x49: 35 26 36 27 38 30
46x35: 34 42 35 38 46 50
40x37: 37 33 40 42 38 38
38x48: 46 47 49 46 50 43
38x43: 21 23 30 23 39 32
41x36: 29 20 33 27 24 22
44x37: 38 43 52 36 40 42
39x37: 24 16 32 30 28 26
44x47: 51 65 53 55 42 52
35x42: 43 43 24 31 39 46
36x39: 29 28 20 18 27 34
43x42: 58 48 37 44 46 47
43x37: 34 21 24 29 27 32
36x39: 16 31 30 25 28 25
37x41: 31 27 21 19 36 22
46x44: 47 34 28 36 38 27
48x46: 48 61 53 61 56 58
47x49: 44 39 41 35 45 35
49x45: 53 55 60 60 50 61
46x38: 34 38 57 45 53 41
47x44: 56 55 43 55 40 69
47x50: 35 41 38 29 47 49
43x35: 25 28 30 27 23 20
41x36: 42 34 40 37 46 30
46x40: 47 46 51 45 48 47
40x45: 54 38 44 53 48 42
39x44: 34 36 27 31 23 30
43x42: 27 31 33 38 32 35
41x47: 43 51 51 50 45 55
47x44: 51 67 53 50 41 56
46x50: 65 59 74 46 57 57
39x38: 30 26 35 20 26 18
49x41: 28 44 37 38 33 28
42x47: 50 43 46 52 54 58
37x50: 60 47 37 47 51 45
48x37: 31 30 31 33 37 29
36x39: 37 35 31 38 36 39
43x45: 32 46 30 37 28 36
44x45: 45 49 36 63 60 48
40x41: 40 45 42 41 44 40
38x49: 36 28 35 33 34 25
41x48: 37 43 24 29 27 47
40x37: 44 42 34 37 33 39
35x37: 22 19 25 17 24 25
35x49: 27 34 28 30 22 34
44x49: 35 38 36 48 43 24
44x43: 36 42 34 26 31 27
40x45: 41 25 33 30 28 37
39x38: 21 30 20 24 31 29
35x45: 25 27 29 25 29 29
43x50: 30 40 36 40 40 38
47x44: 67 60 49 48 50 48
45x41: 38 46 38 59 45 54
46x48: 35 48 27 42 43 44
39x45: 35 34 36 22 34 33
46x43: 53 49 55 53 46 50
36x46: 24 31 41 31 26 27
36x39: 23 34 20 26 29 24
35x42: 20 30 29 20 29 25
46x37: 30 32 30 28 24 36
39x49: 44 32 29 42 25 35
41x36: 44 40 30 41 44 29
37x43: 24 30 22 34 28 30
45x35: 26 30 30 23 26 29
48x44: 34 42 33 46 33 35
46x49: 48 53 62 55 74 53
41x40: 37 35 41 51 48 39
44x44: 37 37 37 27 36 22
36x45: 25 25 32 43 26 28
41x48: 27 30 38 39 33 41
39x46: 44 31 27 28 33 32
49x47: 56 63 62 54 56 63
41x37: 27 20 25 24 32 28
43x37: 43 40 37 39 36 50
42x45: 49 44 53 56 49 41
49x42: 37 32 31 39 43 41
49x36: 47 43 50 49 45 39
50x40: 53 56 62 41 46 52
47x45: 35 35 46 34 32 42
42x46: 39 34 39 33 37 27
42x45: 24 30 36 41 37 42
45x48: 45 70 59 62 48 46
41x38: 29 30 21 19 31 26
38x38: 43 29 35 37 38 42
41x49: 44 50 57 49 45 63
38x36: 25 27 35 38 40 43
45x49: 55 55 62 53 62 53
42x36: 44 36 37 32 43 42
35x40: 19 16 31 21 35 20
36x42: 33 21 26 35 28 24
47x37: 29 24 31 38 32 25
44x38: 40 43 44 39 44 47
39x37: 27 35 40 40 41 37
49x50: 68 66 51 62 65 65
38x37: 18 22 23 25 21 34
41x38: 46 40 34 46 51 24
38x35: 29 28 38 39 36 34
47x48: 54 64 63 58 50 58
48x50: 45 46 51 41 34 38
43x38: 46 39 36 38 43 50
47x40: 30 31 32 40 33 28
50x43: 43 55 43 67 61 57
44x36: 31 28 28 28 27 25
41x43: 53 54 48 45 43 31
40x42: 20 23 40 32 31 35
40x49: 44 28 30 40 27 38
35x47: 50 37 30 42 56 39
42x44: 36 26 37 27 35 34
46x50: 43 41 40 45 34 36
41x44: 22 28 29 38 30 34
37x48: 39 36 30 25 27 34
40x36: 36 42 33 34 43 33
48x35: 36 29 30 21 28 31
37x37: 26 16 29 18 31 24
40x41: 24 27 31 29 29 28
36x46: 50 46 47 41 34 40
45x46: 40 40 38 43 31 32
48x39: 23 32 38 37 29 49
44x42: 36 32 38 23 31 36
41x36: 19 30 28 29 27 22
47x38: 32 29 35 26 26 31
36x44: 25 31 28 24 24 35
47x40: 31 36 34 30 38 25
36x50: 29 30 44 37 30 22
45x43: 29 42 24 32 40 42
44x48: 54 32 24 35 39 39
43x39: 35 38 50 51 44 39
39x47: 30 38 30 33 33 31
50x44: 58 62 56 46 56 61
38x40: 20 35 27 25 21 28
48x39: 33 37 37 31 37 33
50x36: 35 28 35 31 32 30
46x45: 33 39 46 38 32 36
44x40: 28 31 35 24 29 35
48x45: 48 43 42 30 40 36
46x44: 30 37 30 43 30 39
48x38: 34 37 30 27 21 43
48x43: 34 42 34 35 46 32
37x50: 25 25 39 30 34 38
36x37: 27 15 28 25 19 30
44x36: 29 30 27 26 32 23
42x38: 27 27 39 20 26 29
50x43: 33 34 34 36 45 42
43x42: 51 45 50 53 42 39
37x37: 32 40 29 43 31 34
35x38: 38 29 27 35 31 45
36x38: 43 34 34 30 33 39
39x44: 51 45 36 39 44 50
42x35: 29 26 31 18 23 27
50x38: 39 28 31 19 42 33
42x43: 38 52 49 43 44 50
37x35: 29 31 31 35 34 38
47x45: 42 45 61 57 58 60
36x40: 27 30 20 26 22 31
39x35: 22 23 22 22 19 34
38x47: 44 46 42 48 44 50
38x45: 33 28 31 27 33 28
39x43: 35 33 30 24 38 22
45x43: 56 47 44 51 59 42
47x46: 53 50 60 60 55 55
36x44: 33 28 26 22 26 33
35x40: 36 36 25 42 40 35
46x39: 47 49 50 46 51 34
47x46: 40 42 29 42 41 31
50x41: 51 48 64 58 50 46
39x37: 26 26 27 25 24 28
47x48: 54 60 76 48 48 63
46x44: 53 51 59 50 55 45
37x42: 42 36 40 37 41 44
35x39: 21 25 25 19 26 27
42x38: 56 39 40 39 41 35
35x38: 22 25 18 27 21 19
43x47: 63 50 48 51 45 57
50x47: 66 57 44 73 54 67
44x35: 34 44 43 36 37 42
49x45: 62 61 49 61 41 66
49x42: 35 41 43 35 36 34
47x50: 52 38 35 37 43 34
36x41: 23 31 19 23 24 36
49x47: 76 50 63 62 55 54
39x39: 28 27 33 30 24 27
50x47: 54 57 59 64 63 63
44x42: 53 51 46 46 51 39
48x40: 42 34 25 31 47 29
43x37: 23 30 22 32 30 30
39x40: 39 40 40 45 29 47
40x39: 35 22 35 20 29 28
41x37: 27 18 29 30 26 25
37x47: 35 48 59 43 44 38
50x42: 41 72 55 50 57 45
36x41: 35 46 35 30 47 33
38x42: 43 35 44 43 42 40
41x38: 43 43 42 42 35 36
43x42: 35 50 48 37 58 47
46x36: 45 45 38 42 38 47
43x39: 32 24 32 34 26 33
46x47: 47 28 39 38 30 43
40x50: 38 25 28 32 43 41
43x36: 27 37 29 24 30 21
44x35: 19 33 19 30 23 29
46x39: 44 43 35 46 58 48
38x44: 35 28 25 34 26 20
35x35: 20 13 29 15 19 25
38x48: 37 50 52 55 45 40
39x45: 40 50 46 43 46 44
37x47: 46 42 51 45 43 42
46x38: 47 38 52 27 53 54
39x43: 35 27 28 26 35 30
50x40: 44 27 28 39 36 33
37x50: 50 36 50 49 48 53
39x47: 33 35 31 35 32 29
46x49: 39 39 40 43 32 46
47x50: 41 33 37 58 33 38
38x44: 58 31 37 50 48 37
49x45: 41 49 35 35 43 36
40x39: 29 27 26 35 21 31
49x46: 53 49 52 64 61 66
40x42: 29 25 37 30 30 30
49x38: 53 50 40 41 50 53
36x39: 30 23 23 29 27 24
50x50: 40 50 40 41 43 42
45x44: 48 34 39 32 25 31
44x40: 37 48 39 31 56 57
48x44: 52 53 63 49 57 52
46x46: 40 32 47 31 40 35
35x45: 42 45 40 32 40 44
48x35: 41 47 55 33 39 45
47x45: 55 42 63 51 58 58
48x50: 39 44 41 42 37 52
49x47: 52 66 56 68 61 49
38x48: 52 36 43 52 53 46
35x48: 30 27 38 31 24 26
41x50: 52 53 49 54 48 59
40x39: 37 24 30 22 30 26
41x48: 39 54 53 52 52 50
37x46: 55 33 41 49 48 39
41x48: 55 51 55 50 48 46
37x40: 41 27 39 42 46 34
39x43: 19 32 31 41 30 28
43x38: 23 28 29 28 27 33
36x42: 27 23 29 26 29 33
42x45: 52 51 42 55 47 44
42x39: 41 48 42 38 37 46
45x36: 31 25 36 31 30 26
42x47: 41 42 57 55 53 54
42x39: 47 42 37 46 45 36
48x37: 43 33 47 52 50 48
37x36: 30 20 14 25 27 28
36x47: 51 47 53 41 30 42
36x50: 40 34 51 48 49 54
47x44: 42 30 41 32 29 36
48x45: 41 45 39 38 36 40
49x48: 42 42 38 40 38 56
46x41: 49 54 37 41 60 48
42x35: 28 39 39 31 47 40
46x35: 44 37 43 35 47 43
37x44: 18 27 30 28 30 35
47x40: 28 41 25 29 35 36
44x37: 33 38 19 31 21 25
49x47: 61 50 65 61 65 54
44x35: 29 22 29 25 25 24
45x43: 23 31 34 31 48 43
44x48: 63 49 57 52 52 55
36x40: 22 25 22 27 32 28
45x48: 38 46 34 38 45 39
41x43: 25 38 29 34 31 24
41x44: 24 44 30 34 25 25
36x37: 22 17 25 28 31 21
43x36: 21 36 19 32 30 29
35x49: 42 60 46 34 41 41
39x45: 31 36 36 24 33 35
45x41: 51 39 47 61 37 50
39x43: 53 44 41 37 44 42
49x50: 48 57 47 37 36 31
39x45: 33 30 28 44 28 32
35x49: 27 28 19 25 39 38
44x36: 23 44 33 35 46 57
40x35: 20 28 19 27 27 21
39x36: 42 32 35 39 40 30
46x49: 51 55 65 49 73 53
38x39: 37 42 38 42 36 33
42x40: 38 44 47 42 48 39
47x36: 32 29 25 29 33 32
38x49: 32 28 26 45 33 27
41x35: 25 22 19 21 25 31
40x41: 23 27 28 31 32 28
39x43: 52 42 30 50 44 41
43x45: 52 47 52 52 47 49
35x41: 26 15 26 26 27 23
50x50: 74 59 66 61 57 71
48x47: 50 65 64 52 53 62
49x50: 47 41 28 55 46 39
40x42: 41 45 42 48 43 39
49x35: 50 43 51 34 42 47
37x37: 24 23 29 20 20 28
42x41: 35 46 53 46 41 43
40x45: 52 38 47 55 39 48
49x47: 55 53 56 70 57 62
47x37: 29 24 34 36 30 27
41x46: 51 60 41 46 46 46
41x50: 63 47 48 41 63 56
45x48: 47 32 46 41 41 33
46x39: 31 29 32 39 28 36
43x45: 43 52 55 58 41 48
41x36: 36 37 31 40 28 54
42x49: 49 61 62 54 47 44
41x49: 38 29 39 29 28 44
47x42: 42 60 39 65 49 45
41x41: 47 43 44 47 42 37
39x39: 38 29 33 37 53 43
38x47: 33 26 37 25 32 27
45x43: 30 23 44 47 29 36
41x40: 44 40 34 47 40 47
48x44: 31 40 31 50 42 29
39x40: 48 36 49 31 41 39
43x43: 28 28 40 35 29 35
47x36: 41 41 52 35 45 47
42x50: 48 34 42 38 32 30
42x36: 46 32 32 39 48 37
37x48: 47 44 53 38 46 47
45x49: 33 29 48 51 39 40
47x38: 46 38 44 44 45 58
50x39: 28 35 37 28 33 46
38x47: 27 25 30 39 34 24
45x40: 34 18 34 33 36 40
49x46: 64 49 52 51 72 60
45x41: 40 56 46 43 49 48
49x46: 35 30 40 55 34 45
48x41: 48 59 56 42 63 35
50x39: 29 46 41 26 41 25
45x49: 54 50 64 59 68 45
45x35: 22 25 31 27 30 30
